899392
911715
165738
115475
736660
936736
19423
865694
382293
309375
133258
960411
503123
404328
574893
675886
296977
806307
557979
572933
583468
945430
953741
533090
415138
481831
460871
193329
750737
279360
698638
799333
624013
926406
395403
256180
414254
411306
533123
945323
278909
740444
778235
698025
543968
999084
780221
167952
864399
598120
951424
729438
264772
224356
155147
942926
749311
317594
323787
575439
30966
734706
404749
141421
70699
629050
189091
938117
541018
472991
516349
589667
31929
581955
68706
185405
802770
460361
468636
200376
150053
782939
676404
519883
9255
849355
747266
54908
237606
905720
852931
631539
135282
813498
97838
65094
154010
164460
68034
588379
414935
89775
238878
93613
611715
691970
337582
968794
110150
240418
507510
661834
572254
14172
653446
489603
230533
950385
660462
624022
17349
62207
273791
633660
114553
926967
303056
436829
130245
413628
471436
30944
32293
217896
668852
902964
172409
704040
587939
597032
219893
14389
722593
517942
590763
400640
491067
682870
5862
255522
809105
798846
140603
379027
783296
739728
939393
600332
320822
223969
59357
994702
359014
253277
80853
584072
106572
662284
576348
590676
158067
950660
864605
25010
594300
421607
293704
632563
213316
534492
194299
998185
850373
294398
223583
912600
339852
447671
680819
942524
48121
230072
516867
513965
63535
422931
183013
717731
68285
512757
168479
476829
636502
821018
61382
677340
204004
573376
234473
357529
237314
11417
804869
74364
193029
814987
346069
122276
703385
299519
940921
365916
49786
80262
555778
66805
393355
154149
388968
233233
419972
640032
800770
703366
27064
739350
667473
383494
430322
831790
518657
806473
600788
4333
614728
449847
256221
727068
200823
58810
725374
835504
533524
556045
879791
456585
918487
988699
984959
24464
919875
362101
761140
72080
106628
140546
163905
55902
185945
657367
395406
73735
140944
669655
439616
969270
37330
817448
978261
982090
492998
802833
888897
798163
414850
691344
652536
583355
498703
856185
905502
341304
161021
735243
58608
727042
25309
751498
376536
269028
821344
459359
161229
804794
572042
222636
715361
819201
240585
504228
575423
289347
589558
153339
98663
586442
864187
912864
864141
962510
53358
737839
505343
158588
904983
415183
530300
711080
576334
405693
404878
604289
785361
791105
675878
19596
595587
702252
192816
65645
515026
628729
550726
538835
418687
566150
721059
959790
914546
44003
463733
358962
164524
695252
520589
543333
844795
178285
779027
866234
883905
942428
564290
843552
852496
540197
969841
312172
395061
932594
667536
210267
891978
508192
952724
474097
619205
342403
874182
992271
33331
560232
174733
35946
451321
534010
425631
92253
317109
46979
176285
568266
451317
484297
160617
404098
165724
574916
602297
236303
890706
200983
443382
386480
11713
315794
884298
615080
939984
67018
967882
276656
53003
808821
66149
240376
31841
804663
35684
698362
295360
71989
496037
774516
685369
667
155223
667717
292155
88953
357403
915872
326437
383947
60060
251047
241621
987864
261443
430981
889359
297181
493798
378531
351739
478567
373860
938194
235050
53710
359327
567573
632933
364561
798506
321755
670786
121159
80035
559815
528701
196142
190586
905217
106755
323196
270656
125684
44370
381118
822057
763104
634544
500817
65402
540395
284101
319517
571911
799722
562714
324568
701042
485302
556322
378684
563962
474033
194624
199121
202578
378509
457739
775178
424828
299483
883665
451602
269180
388656
596074
679880
384729
497709
151045
245066
708033
635763
861696
112701
693797
435014
901304
908554
13750
333067
408299
443324
76513
720531
20692
625108
941014
873738
752775
564354
196960
94970
893584
669170
168102
116386
654453
53310
357531
488863
622073
634763
398938
373267
683847
889852
903756
879206
983913
345860
501354
855094
641075
544645
57890
823415
413961
390353
529186
576355
234109
506276
153948
799489
544262
469022
725891
975052
676999
562634
496806
731292
87962
913
857312
750759
118247
403136
318054
327870
102174
676529
471275
674913
59465
358237
551242
115686
914978
900249
931652
377233
174499
342601
399182
292710
251690
313367
324557
362188
189142
318365
915953
783235
345579
839164
584337
759412
731632
844879
76278
122363
68168
941431
436996
561965
314052
531345
54922
49032
364284
37823
8724
356368
854822
458755
688768
936516
527018
259479
197187
798290
402409
887533
344223
439291
97741
998290
153219
337818
970440
817289
662622
985181
426340
933240
470593
948200
644351
215091
906274
991677
176824
477212
931513
861979
369744
978663
877811
935353
313467
835678
905484
568413
82593
950912
635503
653275
352627
118663
749227
576095
91477
552190
477179
505309
915416
197413
805281
694677
871973
846706
915424
276237
866365
247143
846960
839607
683377
109477
616712
946582
573244
167300
67309
613773
667914
210243
527109
711066
73191
320731
959737
169986
342582
380743
657226
873574
180313
283162
687952
108172
643789
181751
249073
497569
819905
544404
792880
411220
934950
736298
297450
940833
124456
352680
334218
673353
637186
545466
648568
653460
76581
143495
814266
124960
393286
453173
148519
867992
734055
244436
481709
207773
925094
576347
564277
60622
322091
797325
863002
704315
994468
266907
249876
312352
728023
89121
618999
675499
127978
421941
780417
949023
183547
732982
74510
710314
15485
708497
26575
89128
169689
390891
18413
241486
742773
519402
392246
978291
829633
979255
622004
931016
268378
726492
187998
239354
424594
548879
573217
379524
804778
547677
362983
416942
617860
280729
774389
663277
14093
94252
67967
445439
622193
288873
201215
452832
178461
414835
772125
919266
495716
172034
770555
717179
755233
102367
906273
294378
121460
505134
314746
267311
977161
780562
255178
399873
655724
712251
10081
643107
407718
36219
571608
888630
480399
12390
857098
97454
611711
613805
134788
505885
944414
379474
60351
681491
351355
938710
225898
304636
429467
707967
405314
684911
967949
285582
743285
186797
525189
625525
980064
935196
859314
158148
430047
399007
348898
644091
839418
709714
213155
696935
436626
861985
295107
590833
459161
264574
406502
181280
191091
462362
749932
510338
78038
234149
731377
942054
799749
685871
555565
479461
275153
405170
356855
251490
450750
220823
259959
26243
380440
619298
687672
6542
543334
410753
436892
94294
565857
808085
529529
272149
515390
685168
611556
744064
714965
414222
721256
850
591965
347277
576841
32382
418539
702992
143995
495120
927394
347635
135444
761704
693877
717815
267548
428859
863703
922580
552998
40439
275459
883816
644051
494425
277935
226393
257339
845790
574610
513302
9137
991623
241065
336076
569091
30499
655829
717061
900730
925061
461156
257654
498719
464904
827431
475400
955641
426267
233407
812909
895202
255726
694172
872801
294114
566981
869760
535456
481491
232974
769498
750135
652478
880037
830713
955057
561895
146387
995088
278318
174065
154219
32000
899093
436569
262819
765333
207314
18546
319516
48793
690090
