254
193
609
230
300
845
932
369
342
203
663
435
830
182
726
471
306
245
449
853
253
62
40
758
64
364
515
291
902
249
634
636
976
907
642
446
752
970
639
552
935
481
242
22
633
778
764
510
963
404
534
840
512
560
127
756
495
486
226
839
126
606
536
622
750
207
684
80
502
964
339
782
845
591
794
140
147
491
178
442
570
363
4
519
950
311
246
196
987
197
263
955
71
614
901
560
243
109
831
746
360
987
725
449
291
341
179
495
87
728
386
79
392
269
454
872
25
811
890
72
590
176
240
297
155
479
83
742
545
942
569
660
550
618
489
845
403
981
422
462
208
384
838
271
606
971
186
4
873
755
878
444
792
216
786
500
126
962
326
439
217
694
471
254
295
982
45
54
340
105
478
262
946
537
804
358
487
491
33
888
13
291
214
457
763
253
430
476
837
190
684
489
605
604
148
35
655
127
509
95
653
808
236
380
324
381
415
880
836
747
430
344
317
523
184
603
845
645
735
954
268
721
187
121
389
6
439
696
611
647
926
314
912
96
777
242
98
416
949
525
665
517
733
275
213
257
712
240
297
709
682
285
800
858
249
33
389
430
861
474
408
564
748
23
566
543
888
137
157
887
378
337
119
663
794
157
154
8
961
358
291
500
299
489
744
210
344
728
627
938
304
764
135
446
563
393
66
194
815
388
175
473
152
168
668
601
779
768
327
245
184
596
149
847
554
549
110
508
910
85
625
727
979
976
565
790
68
598
232
728
275
775
507
225
241
384
528
16
240
178
614
898
832
509
841
629
479
962
635
670
521
192
964
966
612
646
244
645
300
203
869
862
714
211
339
751
426
816
348
836
440
981
808
103
899
83
728
313
561
536
56
109
301
427
91
896
891
800
825
486
115
808
640
8
818
663
89
661
840
968
135
454
918
783
68
207
530
504
551
734
372
438
634
300
587
782
372
175
164
558
655
344
911
938
178
182
267
322
57
251
753
468
440
189
314
938
639
18
874
172
680
128
454
492
930
594
846
448
400
470
381
1
613
180
609
185
460
158
747
31
319
442
619
773
788
15
440
528
807
306
181
969
601
413
453
727
827
281
837
637
549
300
297
276
197
508
880
600
422
881
209
955
885
970
358
124
353
524
603
606
115
552
160
777
666
720
501
172
807
902
31
670
780
137
911
959
861
279
621
336
825
117
377
501
90
823
906
751
896
152
172
675
823
952
579
240
80
180
853
911
474
814
271
296
697
747
169
665
600
998
684
536
381
367
508
499
250
931
995
322
941
643
401
426
622
668
119
787
148
952
769
372
328
4
692
282
853
781
903
908
789
105
854
479
111
20
396
616
557
101
200
653
209
770
504
724
594
325
475
894
766
506
646
880
792
148
880
232
304
629
35
212
269
601
74
966
970
760
638
35
230
210
225
661
294
309
970
842
423
766
708
600
164
156
406
454
483
933
293
673
418
505
17
470
686
921
925
968
716
227
139
373
916
642
447
563
599
252
140
946
861
52
851
277
903
843
124
857
737
611
922
380
926
799
532
557
74
63
353
513
21
919
868
860
337
975
701
338
513
282
24
833
434
713
758
647
114
164
919
888
386
819
209
958
233
667
437
187
693
964
647
830
846
356
874
755
189
919
324
424
842
490
375
914
411
246
208
44
992
659
82
936
781
641
208
669
968
878
961
26
121
122
664
738
58
478
537
23
294
508
445
677
492
348
9
448
8
872
258
933
539
339
461
774
64
919
6
513
795
908
149
50
582
478
310
292
295
313
82
259
999
536
522
573
397
924
377
32
858
530
842
678
561
470
98
608
697
820
381
556
464
286
563
157
542
535
264
670
87
874
337
855
822
244
134
662
701
354
386
331
717
135
631
558
904
606
107
376
232
647
723
508
120
187
222
29
538
742
961
316
222
325
739
430
357
263
21
272
189
562
468
69
427
74
127
33
954
868
814
295
339
903
195
554
859
277
805
238
272
111
811
334
369
380
596
499
418
798
376
465
968
232
908
258
131
956
22
259
377
482
137
657
78
605
152
433
529
809
92
609
941
103
686
126
939
969
594
395
441
69
379
238
393
22
407
689
730
620
797
858
110
554
220
880
424
849
802
765
791
966
662
831
830
744
640
287
208
136
558
444
135
999
995
981
256
38
908
663
599
379
576
931
611
110
318
804
41
618
122
633
423
457
841
317
145
9
893
743
686
205
456
386
377
150
7
176
209
555
667
981
549
522
227
329
344
370
931
239
311
852
26
410
873
362
894
311
102
442
50
146
